0.0032,0.0000,0.0000
0.0042,0.0000,1.0000
0.0049,0.0000,0.0000
0.0058,0.0000,0.0000
0.0077,0.0000,1.0000
0.0093,0.0000,0.0000
0.0101,0.0000,1.0000
0.0108,0.0000,0.0000
0.0114,0.0000,1.0000
0.0125,0.0000,0.0000
4.5532,2.0000,0.0000
5.0536,2.0000,0.0000
5.0840,2.0000,0.0000
5.1322,2.0000,0.0000
5.1590,2.0000,0.0000
5.1793,2.0000,0.0000
5.2255,2.0000,0.0000
5.2472,2.0000,0.0000
5.2726,2.0000,0.0000
5.3446,2.0000,0.0000
5.3454,2.0000,0.0000
5.3979,2.0000,0.0000
5.4323,2.0000,0.0000
5.4683,2.0000,0.0000
5.4793,2.0000,0.0000
5.5407,2.0000,0.0000
5.5542,2.0000,0.0000
5.5744,2.0000,0.0000
5.5813,0.0000,0.0000
12.5955,2.0000,0.0000
13.0663,2.0000,0.0000
13.1387,2.0000,0.0000
13.1396,2.0000,0.0000
13.1574,2.0000,0.0000
13.2008,2.0000,0.0000
13.2315,2.0000,0.0000
13.2905,2.0000,0.0000
13.3238,2.0000,0.0000
13.3290,2.0000,0.0000
13.3821,2.0000,0.0000
13.3995,2.0000,0.0000
13.4350,2.0000,0.0000
13.4930,2.0000,0.0000
13.4935,2.0000,0.0000
13.5169,2.0000,0.0000
13.5485,2.0000,0.0000
13.5983,2.0000,0.0000
13.6266,2.0000,0.0000
13.6462,2.0000,0.0000
13.7017,2.0000,0.0000
13.7078,2.0000,0.0000
13.7393,2.0000,0.0000
13.7735,2.0000,0.0000
13.8053,2.0000,0.0000
13.8328,2.0000,0.0000
13.8744,2.0000,0.0000
13.9110,2.0000,0.0000
13.9374,2.0000,0.0000
13.9730,2.0000,0.0000
14.0372,2.0000,0.0000
14.0391,2.0000,0.0000
14.1572,2.0000,0.0000
14.1645,2.0000,0.0000
14.1652,0.0000,0.0000
18.5626,2.0000,0.0000
19.0629,2.0000,0.0000
19.1013,2.0000,0.0000
19.1424,2.0000,0.0000
19.1906,2.0000,0.0000
19.1965,2.0000,0.0000
19.2644,2.0000,0.0000
19.2811,2.0000,0.0000
19.3211,2.0000,0.0000
19.4126,2.0000,0.0000
19.4161,2.0000,0.0000
19.4270,2.0000,0.0000
19.4508,2.0000,0.0000
19.5094,2.0000,0.0000
19.5550,2.0000,0.0000
19.5560,2.0000,0.0000
19.5834,2.0000,0.0000
19.6165,2.0000,0.0000
19.6740,2.0000,0.0000
19.7077,2.0000,0.0000
19.7416,2.0000,0.0000
19.7937,2.0000,0.0000
19.7994,2.0000,0.0000
19.8369,2.0000,0.0000
19.8664,2.0000,0.0000
19.9005,2.0000,0.0000
19.9218,2.0000,0.0000
19.9571,2.0000,0.0000
20.0095,2.0000,0.0000
20.0192,2.0000,0.0000
20.0764,2.0000,0.0000
20.0961,2.0000,0.0000
20.1454,2.0000,0.0000
20.1621,2.0000,0.0000
20.1842,2.0000,0.0000
20.2633,2.0000,0.0000
20.2771,2.0000,0.0000
20.2778,2.0000,0.0000
20.3116,2.0000,0.0000
20.3987,2.0000,0.0000
20.3993,2.0000,0.0000
20.4091,2.0000,0.0000
20.4550,2.0000,0.0000
20.4963,2.0000,0.0000
20.5134,2.0000,0.0000
20.5791,2.0000,0.0000
20.5797,2.0000,0.0000
20.6111,2.0000,0.0000
20.6964,2.0000,0.0000
20.6971,2.0000,0.0000
20.7213,2.0000,0.0000
20.7663,2.0000,0.0000
20.7825,2.0000,0.0000
20.8132,2.0000,0.0000
20.9204,2.0000,0.0000
20.9274,2.0000,0.0000
20.9281,2.0000,0.0000
20.9476,2.0000,0.0000
21.0032,2.0000,0.0000
21.0040,2.0000,0.0000
21.0436,2.0000,0.0000
21.0784,2.0000,0.0000
21.1204,2.0000,0.0000
21.1373,2.0000,0.0000
21.1706,2.0000,0.0000
21.2261,2.0000,0.0000
21.2592,2.0000,0.0000
21.2887,2.0000,0.0000
21.3174,2.0000,0.0000
21.3646,2.0000,0.0000
21.4182,2.0000,0.0000
21.4198,2.0000,0.0000
21.4395,2.0000,0.0000
21.5064,2.0000,0.0000
21.5080,2.0000,0.0000
21.5299,2.0000,0.0000
21.6008,2.0000,0.0000
21.6015,2.0000,0.0000
21.6270,2.0000,0.0000
21.6645,2.0000,0.0000
21.7135,2.0000,0.0000
21.7313,2.0000,0.0000
21.8253,2.0000,0.0000
21.8313,2.0000,0.0000
21.8326,2.0000,0.0000
21.8934,2.0000,0.0000
21.8944,2.0000,0.0000
21.9241,2.0000,0.0000
21.9608,2.0000,0.0000
22.0139,2.0000,0.0000
22.0250,2.0000,0.0000
22.0635,2.0000,0.0000
22.1168,2.0000,0.0000
22.1306,2.0000,0.0000
22.1542,2.0000,0.0000
22.1985,2.0000,0.0000
22.2299,2.0000,0.0000
22.2604,2.0000,0.0000
22.3013,2.0000,0.0000
22.3471,2.0000,0.0000
22.3518,2.0000,0.0000
22.3835,2.0000,0.0000
22.4360,2.0000,0.0000
22.4497,2.0000,0.0000
22.4753,2.0000,0.0000
22.5279,2.0000,0.0000
22.5420,2.0000,0.0000
22.5730,2.0000,0.0000
22.6283,2.0000,0.0000
22.6467,2.0000,0.0000
22.6785,2.0000,0.0000
22.7344,2.0000,0.0000
22.7453,2.0000,0.0000
22.7797,2.0000,0.0000
22.8203,2.0000,0.0000
22.8859,2.0000,0.0000
22.8864,2.0000,0.0000
22.9025,2.0000,0.0000
22.9481,2.0000,0.0000
23.0001,2.0000,0.0000
23.0120,2.0000,0.0000
23.0422,2.0000,0.0000
23.0743,2.0000,0.0000
23.0957,2.0000,0.0000
23.1265,2.0000,0.0000
23.1919,2.0000,0.0000
23.1935,2.0000,0.0000
23.2254,2.0000,0.0000
23.2498,2.0000,0.0000
23.2864,2.0000,0.0000
23.3205,2.0000,0.0000
23.3460,2.0000,0.0000
23.3974,2.0000,0.0000
23.4059,2.0000,0.0000
23.4351,2.0000,0.0000
23.4916,2.0000,0.0000
23.5049,2.0000,0.0000
23.5327,2.0000,0.0000
23.5791,2.0000,0.0000
23.5943,2.0000,0.0000
23.6272,2.0000,0.0000
23.6589,2.0000,0.0000
23.6960,2.0000,0.0000
23.7269,2.0000,0.0000
23.7598,2.0000,0.0000
23.7988,2.0000,0.0000
23.8328,2.0000,0.0000
23.8891,2.0000,0.0000
23.9182,2.0000,0.0000
23.9620,2.0000,0.0000
23.9885,2.0000,0.0000
24.0412,2.0000,0.0000
24.0660,2.0000,0.0000
24.0814,2.0000,0.0000
24.1209,2.0000,0.0000
24.1549,2.0000,0.0000
24.1901,2.0000,0.0000
24.2187,2.0000,0.0000
24.2578,2.0000,0.0000
24.2882,2.0000,0.0000
24.3183,2.0000,0.0000
24.3568,2.0000,0.0000
24.3826,2.0000,0.0000
24.4189,2.0000,0.0000
24.4522,2.0000,0.0000
24.4872,2.0000,0.0000
24.5170,2.0000,0.0000
24.5661,2.0000,0.0000
24.5908,2.0000,0.0000
24.6493,2.0000,0.0000
24.6570,2.0000,0.0000
24.6851,2.0000,0.0000
24.7249,2.0000,0.0000
24.7514,2.0000,0.0000
24.7812,2.0000,0.0000
24.8161,2.0000,0.0000
24.8428,2.0000,0.0000
24.8828,2.0000,0.0000
24.9159,2.0000,0.0000
24.9551,2.0000,0.0000
24.9836,2.0000,0.0000
25.0150,2.0000,0.0000
25.0638,2.0000,0.0000
25.0954,2.0000,0.0000
25.1349,2.0000,0.0000
25.1864,2.0000,0.0000
25.1868,2.0000,0.0000
25.2174,2.0000,0.0000
25.2603,2.0000,0.0000
25.3202,2.0000,0.0000
25.3210,2.0000,0.0000
25.3574,2.0000,0.0000
25.3953,2.0000,0.0000
25.4204,2.0000,0.0000
25.4552,2.0000,0.0000
25.5131,2.0000,0.0000
25.5471,2.0000,0.0000
25.5844,2.0000,0.0000
25.6242,2.0000,0.0000
25.6471,2.0000,0.0000
25.6959,2.0000,0.0000
25.7079,2.0000,0.0000
25.7433,2.0000,0.0000
25.7645,2.0000,0.0000
25.8068,2.0000,0.0000
25.8375,2.0000,0.0000
25.8644,2.0000,0.0000
25.9099,2.0000,0.0000
25.9338,2.0000,0.0000
25.9711,2.0000,0.0000
26.0249,2.0000,0.0000
26.0323,2.0000,0.0000
26.0674,2.0000,0.0000
26.1003,2.0000,0.0000
26.1332,2.0000,0.0000
26.1679,2.0000,0.0000
26.2004,2.0000,0.0000
26.2461,2.0000,0.0000
26.2644,2.0000,0.0000
26.3041,2.0000,0.0000
26.3296,2.0000,0.0000
26.3719,2.0000,0.0000
26.4156,2.0000,0.0000
26.4404,2.0000,0.0000
26.4723,2.0000,0.0000
26.5156,2.0000,0.0000
26.5406,2.0000,0.0000
26.5746,2.0000,0.0000
26.5992,2.0000,0.0000
26.6864,2.0000,0.0000
26.6875,2.0000,0.0000
26.7307,2.0000,0.0000
26.7312,2.0000,0.0000
26.7658,2.0000,0.0000
26.7948,2.0000,0.0000
26.8467,2.0000,0.0000
26.8825,2.0000,0.0000
26.8990,2.0000,0.0000
26.9312,2.0000,0.0000
26.9828,2.0000,0.0000
27.0023,2.0000,0.0000
27.0279,2.0000,0.0000
27.0610,2.0000,0.0000
27.1164,2.0000,0.0000
27.1261,2.0000,0.0000
27.1629,2.0000,0.0000
27.2001,2.0000,0.0000
27.2189,2.0000,0.0000
27.2462,2.0000,0.0000
27.2991,2.0000,0.0000
27.3170,2.0000,0.0000
27.3355,2.0000,0.0000
27.3754,2.0000,0.0000
27.4114,2.0000,0.0000
27.4418,2.0000,0.0000
27.4862,2.0000,0.0000
27.5176,2.0000,0.0000
27.5428,2.0000,0.0000
27.5893,2.0000,0.0000
27.6162,2.0000,0.0000
27.6372,2.0000,0.0000
27.6793,2.0000,0.0000
27.7164,2.0000,0.0000
27.7352,2.0000,0.0000
27.7809,2.0000,0.0000
27.8079,2.0000,0.0000
27.8263,2.0000,0.0000
27.8614,2.0000,0.0000
27.8942,2.0000,0.0000
27.9217,2.0000,0.0000
27.9502,2.0000,0.0000
28.0008,2.0000,0.0000
28.0230,2.0000,0.0000
28.0502,2.0000,0.0000
28.1230,2.0000,0.0000
28.1243,2.0000,0.0000
28.1703,2.0000,0.0000
28.1802,2.0000,0.0000
28.2164,2.0000,0.0000
28.2382,2.0000,0.0000
28.2789,2.0000,0.0000
28.3138,2.0000,0.0000
28.3401,2.0000,0.0000
28.3801,2.0000,0.0000
28.4463,2.0000,0.0000
28.4471,2.0000,0.0000
28.4754,2.0000,0.0000
28.5325,2.0000,0.0000
28.5514,2.0000,0.0000
28.5726,2.0000,0.0000
28.6034,2.0000,0.0000
28.6702,2.0000,0.0000
28.6758,2.0000,0.0000
28.7224,2.0000,0.0000
28.7496,2.0000,0.0000
28.7892,2.0000,0.0000
28.8198,2.0000,0.0000
28.8543,2.0000,0.0000
28.8840,2.0000,0.0000
28.9150,2.0000,0.0000
28.9296,0.0000,0.0000
93.3979,0.0000,0.0000
93.6289,0.0000,0.0000
93.8372,0.0000,0.0000
93.9371,0.0000,0.0000
94.0213,0.0000,0.0000
94.2026,0.0000,0.0000
94.2042,0.0000,1.0000
94.2905,0.0000,0.0000
